image_width: 1280
image_height: 1024
camera_name: narrow_stereo

camera_matrix:
  rows: 3
  cols: 3
  data: [1.239054623113474e+03,    -0.634717964658214     ,  6.286734250629110e+02,
            0.     , 1.233537417278325e+03,  5.169971645515276e+02,
            0.     ,    0.     ,    1.     ]
distortion_model: plumb_bob
distortion_coefficients:
  rows: 1
  cols: 5
  data: [-0.244172450079371, 0.319026614427797, 0.001055477729835,4.311057366144337e-04, -0.347783048857172]

camera_matrix:
  rows: 3
  cols: 3
  data: [1283.82827,    0.     ,  664.16527,
            0.     , 1284.15166,  508.81139,
            0.     ,    0.     ,    1.     ]
distortion_model: plumb_bob
distortion_coefficients:
  rows: 1
  cols: 5
  data: [-0.217971, 0.132749, 0.000780, 0.001753, 0.000000]

#cameraMatrix = (Mat_<double>(3, 3) << 1.239054623113474e+03, -0.634717964658214, 6.286734250629110e+02, 0, 1.233537417278325e+03, 5.169971645515276e+02, 0, 0, 1);//内参
#distCoeffs = (Mat_<double>(1, 5) << -0.244172450079371, 0.319026614427797, 0.001055477729835, 4.311057366144337e-04, -0.347783048857172);//畸变
# rectification_matrix:
#   rows: 3
#   cols: 3
#   data: [1., 0., 0.,
#          0., 1., 0.,
#          0., 0., 1.]
# projection_matrix:
#   rows: 3
#   cols: 4
#   data: [1218.18945,    0.     ,  667.88002,    0.     ,
#             0.     , 1240.08728,  508.65224,    0.     ,
#             0.     ,    0.     ,    1.     ,    0.     ]
